4672
2883
3569
4595
872
2306
3487
4221
3220
4873
3237
2399
1824
2196
298
3332
1730
3850
4286
2896
3602
3212
4901
2892
1620
987
3021
4314
1072
1279
4241
2872
4031
3780
2879
4085
1121
1837
2367
1435
233
920
3164
1386
898
3934
419
2235
1832
4500
2769
4396
2742
3809
784
1932
2127
830
269
3011
4998
4587
4860
2254
909
2884
182
2445
4589
3821
2976
1470
2459
3859
4419
3875
31
483
3115
2763
2530
4357
3601
4484
4316
388
4950
4024
3430
710
3260
2533
363
2713
3344
191
116
4133
170
818
1067
590
2521
4598
1022
61
943
4505
4034
1858
3272
4736
4089
1881
4815
4411
4353
1871
2411
1065
2462
4542
4840
4956
284
3786
2152
3415
2083
3005
3005
762
2916
2648
254
325
2789
4678
4891
4320
2245
3869
2264
3849
4369
991
1989
2461
2678
4761
1425
550
372
1019
1468
103
3774
3508
4397
2527
2795
4146
3782
3536
1122
151
689
3151
1663
4797
2385
3628
3460
3952
3004
4858
3588
1124
4076
179
3429
785
3806
51
186
4376
1366
239
2541
2841
888
4804
1915
2906
4995
2756
4248
904
2403
3789
1895
507
3005
625
2895
608
2466
1128
1798
2660
3764
2477
2584
4322
3844
967
3193
1215
4611
4695
3352
2909
2725
2586
4629
939
2234
2778
1769
2285
4888
2991
1542
4714
4051
543
2711
4283
3873
1657
2400
1327
4704
3746
3187
3209
1479
550
876
2591
4936
2102
3845
3445
2644
2500
1890
2643
2232
2649
871
1599
4278
1659
3389
1685
1558
4207
4614
3364
2004
4373
203
3255
3513
3390
3821
4432
356
3386
1019
3414
167
3270
464
2042
4290
1040
216
459
2302
1358
4310
1494
1813
2840
4323
534
106
4680
807
2964
3833
800
1503
2366
3471
2918
237
325
1812
3905
4915
4691
521
2249
4952
1580
2666
121
3854
3121
1203
2641
292
4535
3365
4565
3432
3308
992
2164
4111
1097
3438
1522
1055
4566
3112
33
4826
3069
3060
3467
1857
2137
1930
2863
4649
4948
879
1853
3961
4261
2853
3806
2549
2195
2530
3013
679
762
4768
1743
232
4625
3328
1608
3194
181
1933
4630
3624
3237
1344
118
2904
4475
3564
1593
1281
3824
1143
3801
1280
215
2771
2583
4617
3965
1168
4276
3769
4809
599
822
4003
4376
893
531
1034
212
3784
3120
3927
840
2439
4718
55
3906
1302
2969
1711
4567
2461
2705
3334
4501
3895
2791
3526
3856
2630
1307
4362
4025
2925
2056
2530
4107
1600
1203
4700
2275
2846
4365
414
1064
205
3931
466
1532
4358
2005
3152
1951
2720
4436
1281
3906
730
4365
811
4814
321
2575
490
1392
2609
744
514
4152
461
3127
4963
3654
1442
2360
453
1776
1923
4578
2960
3390
3426
3558
361
4622
2821
2713
4186
1926
1505
2976
4237
3779
3467
741
2188
1236
2648
4132
4766
4951
4165
4894
1277
79
752
3396
3155
2848
815
1090
2797
4950
2878
521
1341
691
2398
1978
4525
3636
3997
2019
3774
3125
538
4166
1512
2370
271
514
3153
552
3349
2426
2643
1042
385
1676
1612
3383
2982
4385
2621
830
3952
3722
4498
3269
2025
4419
4310
3466
4679
4644
3912
4033
4582
854
1519
3195
420
2509
2988
743
760
500
1307
4383
1874
3987
4307
3796
434
1268
4560
4512
4454
1993
4803
2683
1844
47
3832
3842
1135
1629
3144
4417
3523
4461
699
91
133
1410
1257
1642
3124
4090
2945
1080
2960
1453
3367
4374
3608
923
2091
2704
4834
371
1282
1903
231
738
4749
4935
875
791
4507
4869
395
4720
1402
3390
3302
2777
2654
243
3618
3309
1115
2225
1074
1726
3320
2570
2406
2720
4995
1832
4940
94
2460
2017
1071
3528
1902
3957
2198
1955
1474
1352
1446
4518
789
3764
1943
195
4236
3821
4477
1453
2246
855
1470
678
2639
4660
2751
2135
3212
4962
4205
1469
4203
167
1394
4608
2861
2079
969
2849
662
3347
1835
4796
630
26
2069
2111
637
4348
4661
4674
4008
4862
1691
2324
445
2821
1106
2768
4140
1068
927
355
1789
3465
2762
1566
3318
4281
2127
2868
3192
4658
4842
2996
1740
1757
4886
733
4985
2248
3278
3678
801
4099
3472
2187
266
1443
2128
1514
398
178
2149
3684
958
1459
4832
4634
1621
3645
1178
1422
4
1493
4765
251
4838
662
1367
4836
2741
1061
3468
1493
33
3663
4650
844
2557
537
1424
1107
4740
4144
1424
2168
2093
1780
1354
2671
1011
1954
3204
789
1654
3619
981
787
25
3036
1509
163
3459
2407
3070
1042
4368
2828
4641
4845
3015
4219
2714
3027
1759
2124
1374
658
3057
3145
2097
3387
4222
512
3555
1378
3154
4190
3184
1623
4216
4583
3543
4455
3581
3276
4020
4556
1480
3022
2022
2931
3525
3689
3597
1564
990
3038
1588
1376
2459
2818
1846
4904
4604
2235
46
4217
2224
1959
1089
4089
199
3958
4273
1400
859
3382
3269
1185
487
606
2010
2213
4620
4028
862
4343
4165
591
4180
3741
4046
660
3311
1280
2472
771
3336
1489
458
756
4638
2383
4775
3036
399
105
413
416
1884
2782
4481
1025
2379
3212
4233
2386
3859
1237
1675
35
2551
3230
4145
459
4873
2317
816
3345
1995
181
4770
3803
2177
3729
2894
3424
4028
4968
1820
4421
4589
216
1508
2271
3871
3376
2261
4834
586
4532
3024
4404
4348
4138
3366
1718
2120
359
4772
1875
4824
848
3939
4235
1683
2284
1194
543
1348
2179
4264
1022
3119
1637
2706
1198
3116
1360
3410
269
3260
1128
82
1481
3001
3364
3329
138
2320
3229
1266
3446
2799
1971
2268
493
4722
4787
3754
2263
1537
734
1102
3871
3073
1853
2038
1719
1937
2316
1922
3358
4820
1123
3561
4522
1810
2599
3908
4946
2835
2194
1993
3376
4685
969
692
2028
4330
49