0 0 131 131
1 0 201 332
1 1 96 428
0 0 131 463
1 0 201 629
1 0 201 664
1 0 201 664
1 1 96 725
0 0 131 760
1 1 96 760
1 1 96 760
1 2 342 770
0 0 131 795
0 0 131 795
0 1 673 804
1 1 96 856
1 1 96 866
0 0 131 891
1 1 96 900
1 0 201 926
0 0 131 935
1 0 201 961
1 0 201 961
1 0 201 961
2 0 630 962
1 0 201 996
1 0 201 996
0 2 234 1004
1 1 96 1022
0 2 234 1038
1 0 201 1057
0 0 131 1057
1 1 96 1057
1 1 96 1057
1 1 96 1057
1 2 342 1067
1 0 201 1067
1 0 201 1092
1 0 201 1092
1 0 201 1092
0 0 131 1092
0 0 131 1092
0 0 131 1092
1 1 96 1092
1 1 96 1092
0 1 673 1101
1 0 201 1101
1 2 342 1102
1 2 342 1102
0 3 103 1107
0 4 18 1125
0 0 131 1127
0 0 131 1127
0 1 673 1136
0 1 673 1136
1 0 201 1136
0 3 103 1141
1 1 96 1153
0 4 18 1159
1 0 201 1163
1 1 96 1163
1 1 96 1163
0 0 131 1188
1 1 96 1188
1 1 96 1188
1 1 96 1188
1 1 96 1197
1 1 96 1197
1 2 342 1198
0 0 131 1198
1 1 96 1198
1 1 96 1198
1 2 342 1208
1 0 201 1223
0 0 131 1223
0 0 131 1223
0 0 131 1223
0 3 103 1228
2 1 803 1231
0 0 131 1232
0 0 131 1232
1 1 96 1232
1 1 96 1232
1 1 96 1232
1 2 342 1233
1 2 342 1242
0 4 18 1246
1 0 201 1258
1 0 201 1258
1 0 201 1258
1 0 201 1258
2 0 630 1259
1 1 96 1259
0 3 103 1262
0 0 131 1267
0 0 131 1267
0 0 131 1267
1 4 150 1275
0 4 18 1280
1 0 201 1293
1 0 201 1293
1 0 201 1293
1 0 201 1293
1 0 201 1293
1 0 201 1293
0 4 18 1293
2 0 630 1294
2 0 630 1294
0 0 131 1294
1 1 96 1294
0 2 234 1301
1 1 96 1304
1 4 150 1309
1 1 96 1319
1 1 96 1319
1 1 96 1327
0 4 18 1327
1 0 201 1328
1 0 201 1328
1 1 96 1329
0 2 234 1335
0 2 234 1336
0 2 234 1336
1 1 96 1338
0 2 234 1341
1 2 342 1346
0 3 103 1349
0 0 131 1354
1 0 201 1354
0 0 131 1354
1 1 96 1354
1 1 96 1354
1 1 96 1354
1 1 96 1354
1 2 342 1364
1 0 201 1364
1 0 201 1364
0 4 18 1367
0 2 234 1370
0 2 234 1370
0 2 234 1375
1 2 342 1380
0 3 103 1383
2 4 111 1386
1 1 96 1389
1 0 201 1389
1 0 201 1389
1 0 201 1389
1 0 201 1389
0 0 131 1389
0 0 131 1389
0 0 131 1389
0 0 131 1389
1 1 96 1389
1 1 96 1389
1 1 96 1389
1 1 96 1389
1 1 96 1389
1 1 96 1389
2 0 630 1390
1 4 150 1396
0 3 103 1396
0 1 673 1398
1 0 201 1398
1 0 201 1398
1 2 342 1399
1 2 342 1399
1 2 342 1399
1 0 201 1399
1 0 201 1399
1 0 201 1399
0 4 18 1401
0 3 103 1404
0 4 18 1414
0 4 18 1414
2 4 111 1420
0 4 18 1422
0 0 131 1424
1 1 96 1424
1 0 201 1424
1 0 201 1424
1 0 201 1424
0 0 131 1424
0 0 131 1424
0 0 131 1424
0 0 131 1424
0 0 131 1424
0 0 131 1424
1 1 96 1424
1 1 96 1424
1 4 150 1430
0 3 103 1430
0 2 234 1432
0 1 673 1433
0 1 673 1433
0 1 673 1433
1 0 201 1433
1 0 201 1433
1 0 201 1433
1 0 201 1433
1 0 201 1433
1 2 342 1434
1 2 342 1434
0 3 103 1438
0 3 103 1439
0 3 103 1439
0 2 234 1442
1 1 96 1442
1 4 150 1443
0 3 103 1444
0 4 18 1448
0 4 18 1448
1 1 96 1450
0 4 18 1456
0 4 18 1457
0 4 18 1457
0 0 131 1459
0 0 131 1459
0 0 131 1459
1 0 201 1460
1 0 201 1460
1 1 96 1460
1 1 96 1460
1 1 96 1460
0 4 18 1461
0 2 234 1462
0 4 18 1462
0 2 234 1467
0 1 673 1468
0 1 673 1468
1 0 201 1468
1 0 201 1468
1 0 201 1468
0 3 103 1470
0 3 103 1473
0 3 103 1473
0 2 234 1476
1 1 96 1476
1 4 150 1477
0 3 103 1478
1 1 96 1485
0 0 131 1485
1 1 96 1485
1 1 96 1485
1 1 96 1485
1 1 96 1485
0 4 18 1488
0 4 18 1491
0 4 18 1491
1 1 96 1494
1 1 96 1494
1 1 96 1494
1 2 342 1495
1 0 201 1495
1 0 201 1495
1 0 201 1495
1 0 201 1495
0 0 131 1495
0 0 131 1495
1 1 96 1495
1 1 96 1495
1 1 96 1495
1 1 96 1495
1 1 96 1495
1 1 96 1495
0 4 18 1495
0 2 234 1496
0 4 18 1496
3 0 537 1499
0 3 103 1504
1 2 342 1505
1 2 342 1505
1 0 201 1505
2 4 111 1507
2 2 746 1516
1 4 150 1517
0 3 103 1517
0 3 103 1517
0 0 131 1520
1 0 201 1520
1 0 201 1520
0 0 131 1520
0 0 131 1520
0 0 131 1520
0 0 131 1520
1 1 96 1520
1 1 96 1520
1 1 96 1520
0 4 18 1522
0 3 103 1525
2 1 803 1528
1 0 201 1528
0 1 673 1529
0 0 131 1529
0 0 131 1529
0 0 131 1529
1 1 96 1529
1 1 96 1529
1 1 96 1529
1 1 96 1529
1 1 96 1529
1 1 96 1529
1 1 96 1529
1 1 96 1529
1 2 342 1530
1 2 342 1530
1 2 342 1530
1 0 201 1530
0 0 131 1530
0 0 131 1530
0 0 131 1530
1 1 96 1530
1 1 96 1530
0 3 103 1535
0 4 18 1535
0 4 18 1535
0 4 18 1535
1 4 150 1536
0 1 673 1539
1 2 342 1539
1 2 342 1539
1 0 201 1539
1 2 342 1540
1 2 342 1540
2 4 111 1541
0 4 18 1543
0 3 103 1545
1 4 150 1551
0 3 103 1551
0 3 103 1551
0 4 18 1553
2 4 111 1554
0 4 18 1554
1 0 201 1555
1 0 201 1555
1 0 201 1555
1 0 201 1555
1 0 201 1555
1 0 201 1555
1 0 201 1555
0 0 131 1555
0 0 131 1555
0 0 131 1555
2 0 630 1556
1 1 96 1556
1 1 96 1556
0 3 103 1559
0 3 103 1560
0 3 103 1560
2 1 803 1563
2 1 803 1563
0 4 18 1563
0 1 673 1564
0 1 673 1564
0 1 673 1564
1 4 150 1564
1 4 150 1564
0 0 131 1564
0 0 131 1564
0 0 131 1564
0 0 131 1564
0 0 131 1564
0 0 131 1564
0 0 131 1564
0 0 131 1564
0 3 103 1564
1 1 96 1564
1 1 96 1564
1 1 96 1564
1 1 96 1564
1 1 96 1564
0 3 103 1565
0 3 103 1565
0 4 18 1569
0 4 18 1569
0 4 18 1569
1 4 150 1570
0 3 103 1570
1 4 150 1572
0 1 673 1573
1 2 342 1574
1 2 342 1574
1 2 342 1574
0 4 18 1577
0 4 18 1578
0 4 18 1578
0 3 103 1579
0 2 234 1580
0 4 18 1582
0 4 18 1582
0 4 18 1582
0 2 234 1583
0 4 18 1583
0 4 18 1583
2 4 111 1588
0 4 18 1588
0 4 18 1588
1 0 201 1590
1 0 201 1590
1 0 201 1590
1 0 201 1590
1 0 201 1590
1 0 201 1590
1 0 201 1590
1 0 201 1590
1 0 201 1590
1 0 201 1590
1 0 201 1590
0 4 18 1590
2 0 630 1591
2 0 630 1591
2 0 630 1591
1 0 201 1591
0 0 131 1591
0 0 131 1591
0 3 103 1591
1 1 96 1591
1 1 96 1591
1 1 96 1591
1 1 96 1591
1 1 96 1591
0 3 103 1594
0 3 103 1594
0 4 18 1597
0 2 234 1598
1 4 150 1598
1 4 150 1598
0 3 103 1598
0 0 131 1599
0 0 131 1599
0 0 131 1599
0 0 131 1599
0 0 131 1599
0 3 103 1599
0 3 103 1599
1 2 342 1601
1 1 96 1601
1 1 96 1601
1 1 96 1601
1 4 150 1606
1 4 150 1607
1 4 150 1607
0 1 673 1608
0 4 18 1609
1 4 150 1611
1 4 150 1612
0 4 18 1612
0 4 18 1612
0 2 234 1614
1 1 96 1616
1 1 96 1616
0 4 18 1616
0 4 18 1616
0 4 18 1616
0 2 234 1617
0 4 18 1617
0 4 18 1617
1 1 96 1624
1 1 96 1624
0 4 18 1624
1 0 201 1625
1 0 201 1625
1 0 201 1625
1 0 201 1625
1 0 201 1625
1 0 201 1625
1 0 201 1625
1 0 201 1625
1 0 201 1625
1 0 201 1625
0 3 103 1625
1 1 96 1625
0 4 18 1625
0 4 18 1625
2 0 630 1626
2 0 630 1626
0 0 131 1626
0 0 131 1626
0 0 131 1626
0 0 131 1626
1 1 96 1626
1 1 96 1626
1 1 96 1626
1 1 96 1626
2 4 111 1628
0 4 18 1629
0 2 234 1630
0 4 18 1630
0 2 234 1632
0 2 234 1633
0 2 234 1633
0 2 234 1633
1 1 96 1635
1 1 96 1635
1 1 96 1635
1 1 96 1635
1 2 342 1636
0 0 131 1636
1 1 96 1636
1 1 96 1636
0 2 234 1638
1 4 150 1638
0 3 103 1638
0 3 103 1638
0 3 103 1638
1 4 150 1641
1 4 150 1641
1 2 342 1643
1 0 201 1643
0 4 18 1643
1 4 150 1645
1 2 342 1646
1 4 150 1646
0 3 103 1646
2 4 111 1647
1 0 201 1651
0 0 131 1651
0 0 131 1651
1 1 96 1651
1 1 96 1651
1 1 96 1651
1 1 96 1651
1 1 96 1651
1 1 96 1651
1 1 96 1651
0 3 103 1656
0 4 18 1656
0 4 18 1656
0 4 18 1656
0 4 18 1656
1 4 150 1657
0 3 103 1657
2 1 803 1659
0 0 131 1659
1 1 96 1659
1 1 96 1659
0 4 18 1659
0 4 18 1659
1 0 201 1660
1 0 201 1660
1 0 201 1660
0 0 131 1660
1 1 96 1660
1 1 96 1660
1 1 96 1660
1 1 96 1661
1 2 342 1661
1 2 342 1661
1 0 201 1661
1 0 201 1661
1 0 201 1661
0 0 131 1661
2 4 111 1662
0 4 18 1663
0 2 234 1664
0 4 18 1664
0 4 18 1664
0 3 103 1666
0 2 234 1667
0 2 234 1667
0 2 234 1667
0 2 234 1668
0 2 234 1668
2 1 803 1669
1 2 342 1669
1 1 96 1669
0 0 131 1670
0 0 131 1670
1 1 96 1670
1 1 96 1670
1 1 96 1670
1 2 342 1671
0 2 234 1672
1 4 150 1672
0 3 103 1672
0 3 103 1672
0 3 103 1672
0 2 234 1673
0 2 234 1673
0 4 18 1674
2 4 111 1675
2 4 111 1675
0 4 18 1675
0 4 18 1675
0 1 673 1677
1 2 342 1677
1 0 201 1677
1 2 342 1678
1 2 342 1678
0 2 234 1678
1 2 342 1680
0 3 103 1680
2 4 111 1681
0 3 103 1681
0 3 103 1681
1 2 342 1683
2 4 111 1683
0 3 103 1683
0 4 18 1684
1 4 150 1685
1 4 150 1685
1 4 150 1685
0 3 103 1685
0 3 103 1685
0 3 103 1685
1 0 201 1686
1 0 201 1686
1 0 201 1686
1 0 201 1686
1 0 201 1686
1 0 201 1686
1 0 201 1686
0 0 131 1686
0 0 131 1686
0 0 131 1686
0 0 131 1686
0 0 131 1686
0 0 131 1686
0 0 131 1686
0 3 103 1686
0 3 103 1686
0 3 103 1686
1 1 96 1686
1 1 96 1686
1 1 96 1686
1 1 96 1686
1 1 96 1686
1 1 96 1686
1 1 96 1686
1 1 96 1686
1 1 96 1686
1 1 96 1686
1 1 96 1686
2 0 630 1687
1 1 96 1687
0 4 18 1690
0 4 18 1690
0 4 18 1690
0 4 18 1690
1 4 150 1691
0 3 103 1691
0 3 103 1691
1 4 150 1693
0 3 103 1693
2 1 803 1694
0 1 673 1695
1 0 201 1695
1 0 201 1695
1 0 201 1695
0 0 131 1695
0 0 131 1695
0 0 131 1695
1 2 342 1696
1 2 342 1696
1 2 342 1696
1 2 342 1696
































































































































































































































































































































































































































































































































































































































































































































































































































































































































































































































































































































































































































































































































































































































































































































































































































































































































































































































































































































































































































































































































































































































































































































































































































































































































































































































































































































































































































































































































































































































































































































































































































































































































































































































































































































































































































































































































































































































































































































































































































































































































































































































































































































































































































































































































































































































































































































































































































































































































































































































































































































































































































































































































































































































































































































































































































































































































































































































































































































































































































































































































































































































































































































































































































































































































































































































































































































































































































































































































































































































































































































































































































































































































































































































































































































































































































































































































































































































































































































































































































































































































































































































































































































































































































































































































































































































































































































































































































































































































































































































































































































































































































































































































































































































































































































































































































































































































































































